Id,SalePrice
1461,128329.0
1462,154224.5
1463,182041.64
1464,182117.0
1465,195935.54
1466,183390.6
1467,172558.78
1468,177620.45
1469,182247.42
1470,117580.43
1471,191722.06
1472,97148.93
1473,95605.57
1474,149931.5
1475,137234.43
1476,385383.12
1477,259491.44
1478,306497.01
1479,226141.97
1480,456916.75
1481,317440.12
1482,205509.96
1483,175676.61
1484,174372.05
1485,173467.83
1486,204084.55
1487,330849.9
1488,246537.16
1489,213137.24
1490,203816.58
1491,190474.73
1492,103262.76
1493,173352.4
1494,296816.15
1495,313388.21
1496,217915.51
1497,179493.64
1498,152470.44
1499,151212.48
1500,152584.45
1501,173568.0
1502,153266.92
1503,301152.73
1504,227974.25
1505,213858.0
1506,186212.79
1507,226875.34
1508,203825.5
1509,161020.5
1510,151140.0
1511,148238.75
1512,166853.32
1513,147978.56
1514,166685.74
1515,186437.64
1516,166071.14
1517,149897.1
1518,124160.81
1519,224728.56
1520,138838.0
1521,143970.0
1522,165080.0
1523,117018.41
1524,120740.79
1525,124475.48
1526,130919.93
1527,100178.3
1528,130902.0
1529,145265.28
1530,168223.0
1531,133040.65
1532,107660.83
1533,149160.09
1534,120205.76
1535,161037.59
1536,114843.85
1537,79094.9
1538,194786.0
1539,250262.23
1540,112155.27
1541,159616.09
1542,151351.68
1543,218514.04
1544,86888.71
1545,102342.93
1546,123070.45
1547,141766.0
1548,138213.77
1549,115883.61
1550,147284.0
1551,115993.25
1552,148492.27
1553,150329.36
1554,109171.48
1555,175541.24
1556,94323.0
1557,128879.85
1558,96157.44
1559,112747.74
1560,152898.64
1561,161271.33
1562,127028.5
1563,120379.66
1564,163268.8
1565,155957.54
1566,214342.04
1567,79899.48
1568,221111.54
1569,141779.64
1570,123300.5
1571,132147.92
1572,145724.25
1573,237520.2
1574,113777.14
1575,206346.84
1576,214346.5
1577,209721.44
1578,152555.05
1579,142165.13
1580,192239.5
1581,146111.25
1582,127911.5
1583,347634.93
1584,237943.02
1585,139653.75
1586,75406.0
1587,100210.51
1588,152320.62
1589,111343.21
1590,134476.89
1591,107880.84
1592,124967.53
1593,114115.91
1594,133798.18
1595,114590.06
1596,230038.59
1597,164954.1
1598,186291.8
1599,229427.35
1600,193289.7
1601,65462.66
1602,110758.36
1603,103633.65
1604,276718.34
1605,253152.34
1606,171234.5
1607,163756.31
1608,220165.04
1609,206668.76
1610,156716.52
1611,156791.17
1612,153152.08
1613,168018.9
1614,121606.83
1615,85619.71
1616,78492.32
1617,87983.0
1618,128303.5
1619,131299.5
1620,147201.35
1621,140552.03
1622,147453.34
1623,312391.25
1624,215487.4
1625,131004.84
1626,173110.5
1627,192211.0
1628,286243.61
1629,173209.45
1630,336710.02
1631,225971.0
1632,253868.1
1633,168115.55
1634,181610.9
1635,176045.9
1636,159979.36
1637,181049.41
1638,210305.0
1639,183465.4
1640,250768.75
1641,186762.4
1642,221222.5
1643,224979.36
1644,219990.43
1645,183668.87
1646,154445.5
1647,160710.7
1648,137262.95
1649,140252.59
1650,121766.1
1651,119687.58
1652,91490.93
1653,97395.0
1654,152943.5
1655,156310.9
1656,151652.0
1657,152218.5
1658,148802.02
1659,141028.9
1660,146015.5
1661,451211.18
1662,390755.42
1663,378381.48
1664,431027.39
1665,313075.39
1666,342476.83
1667,351927.21
1668,324283.7
1669,290133.93
1670,331653.39
1671,269445.06
1672,467473.67
1673,308210.84
1674,253103.57
1675,186705.72
1676,191460.9
1677,220569.71
1678,438962.42
1679,375544.04
1680,320091.6
1681,266739.34
1682,299424.96
1683,184445.5
1684,172138.35
1685,173921.39
1686,165156.74
1687,166273.8
1688,190076.52
1689,189158.85
1690,182603.0
1691,171052.03
1692,263151.57
1693,170358.35
1694,184908.9
1695,170251.2
1696,264316.83
1697,170141.05
1698,357324.23
1699,327476.91
1700,236344.27
1701,264808.05
1702,262904.78
1703,255826.28
1704,307052.05
1705,235903.8
1706,437852.59
1707,222108.95
1708,224483.31
1709,291858.49
1710,226471.57
1711,265405.38
1712,233080.22
1713,254769.68
1714,215865.99
1715,197470.5
1716,193940.73
1717,173188.5
1718,149825.85
1719,205637.51
1720,252707.82
1721,175117.74
1722,135199.6
1723,155734.59
1724,216945.7
1725,227250.0
1726,186178.4
1727,170593.48
1728,186502.75
1729,168226.78
1730,159429.0
1731,118968.43
1732,131957.0
1733,126228.15
1734,134543.39
1735,132490.5
1736,116600.54
1737,371812.24
1738,220619.12
1739,267909.85
1740,190226.78
1741,177453.57
1742,170706.9
1743,175004.5
1744,330180.77
1745,233708.37
1746,278355.65
1747,212857.99
1748,212096.6
1749,160767.5
1750,152120.0
1751,223949.7
1752,124351.0
1753,146615.64
1754,221183.69
1755,166335.24
1756,120672.78
1757,121382.5
1758,145446.1
1759,177546.14
1760,156763.0
1761,159463.98
1762,165054.2
1763,160371.0
1764,117182.66
1765,179043.5
1766,168489.0
1767,209467.22
1768,141240.25
1769,152957.22
1770,140717.0
1771,139443.25
1772,141559.58
1773,142273.59
1774,127691.3
1775,135884.25
1776,115454.58
1777,116754.5
1778,129384.43
1779,116985.69
1780,173741.4
1781,130939.0
1782,94157.62
1783,133033.05
1784,95427.45
1785,117133.81
1786,152199.0
1787,173843.18
1788,60197.05
1789,107618.62
1790,77281.55
1791,176459.07
1792,156337.58
1793,137106.69
1794,140310.25
1795,140256.0
1796,118690.75
1797,123435.99
1798,121415.55
1799,114103.33
1800,121834.0
1801,131865.57
1802,161932.08
1803,151213.37
1804,141031.8
1805,135178.5
1806,118683.2
1807,157507.61
1808,124540.25
1809,129611.03
1810,154205.26
1811,118185.85
1812,118358.37
1813,120830.5
1814,99605.77
1815,61540.04
1816,98330.86
1817,123548.18
1818,132612.01
1819,116193.49
1820,72755.76
1821,119455.08
1822,158886.68
1823,65302.72
1824,134007.37
1825,137511.26
1826,98459.3
1827,108697.74
1828,140568.74
1829,111576.57
1830,149752.69
1831,178329.83
1832,109818.34
1833,153692.0
1834,128236.13
1835,179538.79
1836,129053.04
1837,102390.62
1838,136503.5
1839,87025.11
1840,169266.19
1841,150048.54
1842,89663.0
1843,145036.5
1844,137695.6
1845,142111.96
1846,151632.59
1847,147868.05
1848,58752.55
1849,114517.54
1850,127317.93
1851,152692.18
1852,130784.63
1853,133319.62
1854,175090.26
1855,141778.6
1856,220421.69
1857,156702.96
1858,137205.38
1859,120385.79
1860,153435.41
1861,120177.21
1862,268910.13
1863,263238.49
1864,263238.49
1865,316045.69
1866,326641.15
1867,253353.11
1868,302686.66
1869,192792.17
1870,262577.55
1871,242482.04
1872,169402.75
1873,227961.85
1874,139159.85
1875,204988.5
1876,196521.0
1877,209905.92
1878,218444.66
1879,136999.5
1880,136033.9
1881,233928.77
1882,259568.27
1883,200242.0
1884,220837.95
1885,263335.54
1886,297448.35
1887,200463.68
1888,282505.61
1889,163447.67
1890,134208.09
1891,144116.04
1892,111424.69
1893,133003.77
1894,130805.05
1895,153552.0
1896,125799.83
1897,120464.25
1898,106870.58
1899,130543.71
1900,141481.56
1901,160996.34
1902,131861.76
1903,218030.08
1904,137036.75
1905,177197.0
1906,152116.66
1907,204303.48
1908,117984.52
1909,137190.82
1910,127273.38
1911,193518.84
1912,267166.15
1913,155854.99
1914,74590.04
1915,313637.01
1916,77499.61
1917,258021.77
1918,139901.33333333334
1919,155545.00666666668
1920,158196.35
1921,409245.45
1922,311629.03
1923,207165.9
1924,240832.2
1925,224773.41
1926,381997.42
1927,141804.25
1928,158989.04
1929,125912.66
1930,124761.11
1931,140346.35
1932,139097.56
1933,168011.55
1934,182612.5
1935,174843.96
1936,192185.5
1937,182673.8
1938,165553.77
1939,244001.84
1940,194271.98
1941,177427.0
1942,191909.85
1943,194212.13
1944,311752.52
1945,360114.46
1946,163173.72
1947,307987.93
1948,171106.24
1949,246765.16
1950,175897.05
1951,272467.88
1952,240384.52
1953,162531.87
1954,208062.49
1955,131674.03
1956,290092.51
1957,165978.32
1958,311012.43
1959,138813.05
1960,118447.32
1961,119118.43
1962,97200.5
1963,109835.0
1964,113493.03
1965,148151.53
1966,150009.17
1967,287227.69
1968,380385.93
1969,374517.56
1970,423651.0
1971,425271.13
1972,365161.08
1973,275151.19
1974,309813.04
1975,426399.17
1976,287063.94
1977,367872.81
1978,346092.67
1979,332207.96
1980,194576.46
1981,344741.77
1982,235136.54
1983,215563.45
1984,167372.7
1985,205111.06
1986,210457.79
1987,180252.45
1988,179459.6
1989,188190.78
1990,219832.95
1991,223231.54
1992,220044.87
1993,173700.22
1994,247452.81
1995,186240.5
1996,255478.37
1997,326477.75
1998,355894.72
1999,247853.89
2000,299417.46
2001,267179.04
2002,230772.06
2003,260425.64
2004,277265.22
2005,230019.72
2006,222088.24
2007,244223.06
2008,214910.6
2009,187020.0
2010,188702.91
2011,158974.52
2012,182860.53
2013,181288.0
2014,187098.15
2015,197291.55
2016,192743.0
2017,207550.5
2018,120127.18
2019,133203.76
2020,125542.69
2021,115197.33
2022,182937.24
2023,149282.38
2024,221078.22
2025,379510.46
2026,181010.5
2027,151693.5
2028,152560.11
2029,165074.0
2030,284335.0
2031,255983.42
2032,277099.71
2033,270047.32
2034,164689.6
2035,212248.0
2036,187511.35
2037,199693.0
2038,325748.96
2039,205669.13
2040,399756.34
2041,292157.93
2042,204035.75
2043,168441.6
2044,171596.92
2045,225297.06
2046,135733.71
2047,154149.03
2048,134783.5
2049,136169.35
2050,177811.55
2051,99597.79
2052,139468.5
2053,147407.5
2054,74493.48
2055,153541.84
2056,128216.79
2057,127179.5
2058,220289.65
2059,128518.18
2060,162503.34
2061,174655.5
2062,135819.5
2063,113054.02
2064,140174.25
2065,131130.1
2066,172554.64
2067,122034.1
2068,133227.97
2069,93071.93
2070,110003.26
2071,90261.65
2072,142297.28
2073,137850.0
2074,177144.52
2075,149004.12
2076,125367.5
2077,148255.5
2078,131859.58
2079,129270.5
2080,115818.8
2081,124374.33
2082,134384.24
2083,145418.84
2084,112388.84
2085,131300.25
2086,124469.16
2087,126112.54
2088,113791.09
2089,82809.43
2090,135009.42
2091,128087.44
2092,137531.33
2093,146286.83
2094,139097.93
2095,150287.32
2096,93326.84
2097,93124.09
2098,154439.46
2099,63594.43
2100,110131.25
2101,135335.81
2102,148471.98
2103,103544.5
2104,129620.77
2105,132782.29
2106,87237.11
2107,251106.94
2108,119904.83
2109,115986.91
2110,121547.5
2111,153869.37
2112,139007.0
2113,120503.54
2114,109272.05
2115,151076.18
2116,111551.83
2117,147019.07
2118,119884.04
2119,109207.8
2120,109850.81
2121,92929.19
2122,85674.58
2123,94942.83
2124,201341.0
2125,135747.76
2126,160284.37
2127,160080.71
2128,130349.33
2129,97592.5
2130,146411.0
2131,171565.56
2132,116983.52
2133,114078.53
2134,122552.0
2135,105890.93
2136,86466.87
2137,123946.0
2138,138293.0
2139,152692.0
2140,135991.75
2141,139613.35
2142,136667.87
2143,146928.42
2144,115830.88
2145,134974.5
2146,156616.99
2147,155739.0
2148,126652.89
2149,134012.0
2150,232173.0
2151,127621.05
2152,177673.5
2153,162514.0
2154,116202.59
2155,131580.9
2156,225663.98
2157,228523.0
2158,230310.39
2159,205777.6
2160,171622.61
2161,264113.11
2162,441327.18
2163,335110.52
2164,259958.99
2165,170860.5
2166,145502.1
2167,205080.25
2168,210462.0
2169,192741.0
2170,220112.16
2171,146384.15
2172,145551.58
2173,157539.16
2174,239966.96
2175,319523.21
2176,323573.89
2177,252253.2
2178,221532.57
2179,144777.86666666667
2180,204731.22
2181,190492.35
2182,227079.06
2183,191320.04
2184,143967.75
2185,133497.43
2186,150953.37
2187,143811.5
2188,157225.76
2189,178338.24
2190,88200.92
2191,90910.0
2192,100800.16
2193,102308.43
2194,101205.33
2195,113031.58
2196,105254.73
2197,111596.54
2198,150333.75
2199,159696.53
2200,122388.08
2201,126540.19
2202,187668.0
2203,156798.21
2204,166385.5
2205,108070.34
2206,134862.75
2207,228511.68
2208,230225.07
2209,193403.92
2210,125719.66
2211,117479.5
2212,115087.84
2213,103997.71
2214,146714.18
2215,101367.69
2216,148116.87
2217,78777.06
2218,103222.06
2219,83260.0
2220,71915.9
2221,312955.01
2222,232878.33
2223,264311.02
2224,217171.87
2225,139835.79
2226,187913.0
2227,199142.72
2228,272443.75
2229,240104.55
2230,157428.39
2231,212771.46
2232,183809.55
2233,171935.05
2234,264331.52
2235,200026.0
2236,278373.2
2237,357027.46
2238,201129.67
2239,130881.55
2240,169305.92
2241,150676.23
2242,136097.6
2243,136207.85
2244,95246.5
2245,92504.5
2246,143760.09
2247,103961.52
2248,123736.5
2249,125974.5
2250,137872.03
2251,118243.46
2252,184638.24
2253,154934.03
2254,177867.28
2255,196967.28
2256,179641.35
2257,197614.54
2258,176040.42
2259,178249.25
2260,151471.4
2261,186884.3
2262,208133.8
2263,329263.18
2264,419946.78
2265,172195.5
2266,281039.14
2267,331713.54
2268,363983.04
2269,163238.85
2270,181583.85
2271,241491.64
2272,205703.0
2273,168172.22
2274,175561.8
2275,170760.09
2276,163250.25
2277,183666.87
2278,159685.5
2279,119130.16
2280,118931.56
2281,178436.12
2282,174945.31
2283,97571.93
2284,108152.32
2285,145138.0
2286,127904.16
2287,332499.59
2288,262217.87
2289,376791.91
2290,409750.19
2291,316893.22
2292,401311.75
2293,433690.55
2294,390156.96
2295,419033.89
2296,291223.39
2297,307049.68
2298,304660.82
2299,380688.99
2300,316959.06
2301,263571.35
2302,228178.72
2303,249699.87
2304,238767.79
2305,187547.27
2306,188030.77
2307,187356.88
2308,217506.42
2309,278349.77
2310,213767.34
2311,191831.73
2312,177325.5
2313,174530.27
2314,176126.63
2315,171972.69
2316,189290.27
2317,177543.24
2318,174790.73
2319,178191.3
2320,185284.28
2321,260536.99
2322,167378.16
2323,183349.35
2324,170717.93
2325,218162.73
2326,163083.45
2327,211841.0
2328,216275.4
2329,184190.5
2330,179939.4
2331,360710.04
2332,396460.84
2333,318510.46
2334,250742.46
2335,255501.84
2336,332193.0
2337,198492.46
2338,281672.87
2339,236135.46
2340,380330.01
2341,224930.86
2342,251166.44
2343,218315.97
2344,230977.74
2345,246928.86
2346,214690.17
2347,196208.36
2348,226019.28
2349,157049.11
2350,273095.51
2351,246751.29
2352,249751.49
2353,209289.0
2354,135178.26
2355,161420.82
2356,150715.0
2357,204053.24
2358,197153.0
2359,123460.5
2360,122907.0
2361,141249.5
2362,266663.29
2363,140358.6
2364,148673.85
2365,218911.24
2366,188866.72
2367,224440.0
2368,199431.56
2369,219766.39
2370,165839.0
2371,165276.51
2372,188819.05
2373,259832.1
2374,288573.47
2375,249364.28
2376,260570.09
2377,327886.7
2378,135853.5
2379,204819.06
2380,142275.5
2381,159574.5
2382,185601.31
2383,213702.3
2384,237524.8
2385,149890.5
2386,140721.5
2387,133315.5
2388,100034.98
2389,129278.24
2390,135350.58
2391,131972.6
2392,112165.5
2393,159857.3
2394,142893.5
2395,199292.0
2396,151497.5
2397,201174.5
2398,123416.93
2399,62410.04
2400,57977.7
2401,118303.5
2402,136699.25
2403,132673.02
2404,144041.09
2405,156986.5
2406,138684.7
2407,128228.48
2408,138437.0
2409,131071.5
2410,166896.0
2411,123906.0
2412,150467.0
2413,137288.25
2414,136874.62
2415,128788.42
2416,126652.83
2417,132450.25
2418,124175.45
2419,127863.42
2420,125282.1
2421,149696.0
2422,122106.19
2423,127903.94
2424,151436.46
2425,169512.51
2426,126539.13
2427,133521.14
2428,169625.7
2429,115223.32
2430,130819.0
2431,113446.0
2432,135109.0
2433,145003.25
2434,144069.0
2435,155767.37
2436,104951.93
2437,108660.39
2438,124677.86
2439,117014.01
2440,125820.5
2441,115090.2
2442,107112.3
2443,112438.34
2444,125384.11
2445,103823.3
2446,131232.02
2447,226728.91
2448,147354.09
2449,115208.0
2450,167227.0
2451,123031.78
2452,218028.07
2453,98562.43
2454,122812.15
2455,117002.71
2456,142203.17
2457,116975.32
2458,107934.83
2459,110170.82
2460,140966.43
2461,117354.42
2462,130137.24
2463,114346.71
2464,166186.59
2465,127194.51
2466,115895.76
2467,153349.69
2468,90779.5
2469,88458.0
2470,191371.15
2471,218449.75
2472,181966.53
2473,117203.96
2474,107128.0
2475,232541.2
2476,118139.5
2477,132222.83
2478,167394.0
2479,118085.4
2480,133326.93
2481,123740.02
2482,134292.7
2483,118233.66
2484,121132.86
2485,126068.5
2486,156565.0
2487,182921.79
2488,151889.4
2489,149621.66
2490,151204.5
2491,103085.55
2492,182782.42
2493,138887.21
2494,167270.48
2495,113220.05
2496,224329.26
2497,146415.34
2498,117862.93
2499,98067.08
2500,132954.5
2501,137571.5
2502,151986.25
2503,111343.06
2504,196719.47
2505,215336.05
2506,261437.83
2507,316017.81
2508,258477.65
2509,221508.44
2510,232216.94
2511,188284.77
2512,221384.51
2513,218157.44
2514,247149.32
2515,152152.5
2516,155653.73
2517,136076.0
2518,144837.25
2519,229864.49
2520,212608.0
2521,192430.02
2522,223879.02
2523,132371.83
2524,139068.6
2525,144987.7
2526,140033.5
2527,111581.5
2528,129872.83
2529,131503.63
2530,110566.58
2531,245186.02
2532,232021.88
2533,202448.15
2534,242704.92
2535,318148.6
2536,228390.25
2537,234777.45
2538,187645.92
2539,189324.9
2540,178416.83
2541,180898.06
2542,154050.63
2543,129809.33
2544,136499.5
2545,134356.76
2546,146310.25
2547,141890.0
2548,144299.07
2549,159041.73
2550,419595.72
2551,143191.52
2552,116922.73
2553,86375.21
2554,123616.65
2555,109836.75
2556,101096.18
2557,119013.78
2558,163556.37
2559,136349.18
2560,124974.29
2561,135633.75
2562,129345.25
2563,136260.67
2564,169378.09
2565,118561.0
2566,139675.12
2567,126551.6
2568,182031.22
2569,180701.24
2570,123025.42
2571,163066.06
2572,188125.65
2573,241879.2
2574,300201.75
2575,124504.26
2576,131520.27
2577,160889.08
2578,101624.64
2579,73987.94
2580,132387.23
2581,140443.75
2582,117850.69
2583,266627.59
2584,161388.99
2585,175178.84
2586,195670.13
2587,209356.36
2588,151105.02
2589,145155.2
2590,228650.87
2591,214971.69
2592,229941.61
2593,246755.7
2594,174541.8
2595,204762.4
2596,337366.42
2597,182997.95
2598,260447.91
2599,308592.52
2600,150115.31
2601,135980.21
2602,85426.0
2603,90637.0
2604,86706.21
2605,81434.0
2606,143280.13
2607,175632.4
2608,198942.69
2609,162896.52
2610,115837.16
2611,160217.71
2612,155025.94
2613,127698.0
2614,124893.48
2615,152753.33
2616,140033.0
2617,175185.82
2618,185794.5
2619,223437.59
2620,189721.0
2621,181873.35
2622,187541.05
2623,258869.39
2624,264003.03
2625,312661.07
2626,164069.4
2627,186319.0
2628,413194.75
2629,529087.56
2630,345688.92
2631,444765.57
2632,405539.3
2633,309160.18
2634,378033.76
2635,146569.5
2636,196182.56
2637,161439.57
2638,255178.99
2639,181009.0
2640,152097.0
2641,102515.97
2642,193320.9
2643,109065.49
2644,127915.7
2645,99651.0
2646,91262.0
2647,102496.0
2648,139546.1
2649,137083.15
2650,147824.03
2651,148752.9
2652,441400.74
2653,251395.98
2654,250421.51
2655,351326.53
2656,330443.4
2657,335414.79
2658,270062.38
2659,298820.99
2660,316062.37
2661,323992.49
2662,331379.82
2663,288759.41
2664,276330.69
2665,311615.64
2666,283872.44
2667,168167.14
2668,178866.94
2669,179198.64
2670,285305.87
2671,179678.55
2672,179973.69
2673,202563.68
2674,204658.6
2675,168767.27
2676,187447.07
2677,204658.4
2678,254837.86
2679,298619.42
2680,273979.3
2681,401199.16
2682,326371.51
2683,529605.6
2684,303726.67
2685,346537.24
2686,262605.32
2687,314749.79
2688,230588.78
2689,211186.83
2690,493234.2
2691,185291.3
2692,138895.43
2693,188787.57
2694,136635.41
2695,191592.45
2696,188210.04
2697,193927.37
2698,201891.28
2699,178650.9
2700,164970.19
2701,151584.42
2702,112214.28
2703,139848.21
2704,143621.0
2705,129931.24
2706,120321.83
2707,123746.8
2708,136902.3
2709,117756.0
2710,128083.5
2711,278228.58
2712,360073.35
2713,166743.61
2714,148670.97
2715,172708.59
2716,153686.52
2717,183227.45
2718,224521.56
2719,155223.5
2720,155592.81
2721,142423.0
2722,164120.18
2723,144062.33
2724,129530.0
2725,135737.94
2726,147281.0
2727,160601.5
2728,166537.5
2729,152040.56
2730,147636.0
2731,119209.83
2732,116636.07
2733,161143.0
2734,143946.27
2735,133504.75
2736,143755.45
2737,123420.5
2738,132958.53
2739,158410.91
2740,135329.5
2741,146332.5
2742,153634.4
2743,147547.0
2744,146179.75
2745,140232.05
2746,135158.55
2747,155721.73
2748,120335.46
2749,130050.5
2750,135334.25
2751,134266.1
2752,235548.98
2753,153441.98
2754,206667.18
2755,124968.67
2756,92586.44
2757,77978.37
2758,79433.3
2759,151600.32
2760,143367.72
2761,146373.09
2762,149451.3
2763,193504.5
2764,158842.35
2765,260187.95
2766,141081.34
2767,93824.93
2768,128673.86
2769,128726.84
2770,158354.42
2771,120303.0
2772,126564.0
2773,151551.85
2774,142761.27
2775,141556.23
2776,149075.89
2777,144175.27
2778,128694.75
2779,125041.99
2780,114458.92
2781,105863.05
2782,92967.15
2783,96649.51
2784,129712.5
2785,136025.0
2786,60316.04
2787,121675.75
2788,80045.22
2789,223322.58
2790,97889.58
2791,113022.22
2792,87983.36
2793,159498.69
2794,102847.15
2795,116722.58
2796,101797.0
2797,205513.91
2798,131006.83
2799,116358.34
2800,84890.97
2801,114740.06
2802,138854.0
2803,152382.08
2804,145185.3
2805,102333.26
2806,90554.21
2807,156318.19
2808,149445.37
2809,133402.0
2810,138089.55
2811,161224.7
2812,147647.2
2813,143989.85
2814,158337.41
2815,110675.02
2816,253288.87
2817,132551.43
2818,131767.0
2819,168129.67
2820,128430.01
2821,111592.93
2822,202320.79
2823,236188.37
2824,175583.5
2825,151469.76
2826,133366.65
2827,144896.34
2828,207257.62
2829,173182.54
2830,232852.53
2831,190569.29
2832,216771.03
2833,268845.38
2834,214428.93
2835,218725.5
2836,193979.69
2837,166399.5
2838,144636.5
2839,180608.15
2840,194513.94
2841,205719.5
2842,222794.2
2843,147992.54
2844,162190.5
2845,124990.0
2846,214653.53
2847,201163.5
2848,219874.89
2849,208922.6
2850,287988.1
2851,234678.04
2852,232225.91
2853,235405.75
2854,140789.25
2855,195798.52
2856,212979.91
2857,191005.09
2858,195999.92
2859,137172.42
2860,127736.37
2861,130252.92
2862,198861.77
2863,123841.9
2864,260173.85
2865,141205.6
2866,133289.9
2867,85143.12
2868,112313.51
2869,127864.69
2870,162859.28
2871,109511.03
2872,57513.86
2873,113507.91
2874,148092.5
2875,128665.33
2876,156185.14
2877,145851.82
2878,159160.5
2879,150623.0
2880,113596.0
2881,155284.24
2882,161390.0
2883,165888.0
2884,173914.32
2885,181700.45
2886,203457.5
2887,111047.97
2888,124906.5
2889,67683.22
2890,74343.22
2891,136264.36
2892,70403.44
2893,110655.0
2894,60590.11
2895,304697.86
2896,272815.15
2897,198971.24
2898,150817.77
2899,228039.93
2900,157648.0
2901,191311.46
2902,189477.15
2903,340940.63
2904,355035.62
2905,116131.2
2906,200142.38
2907,117592.2
2908,130198.33
2909,139263.04
2910,83173.71
2911,85856.0
2912,155958.0
2913,88968.0
2914,81806.21
2915,84194.21
2916,86856.0
2917,161105.87
2918,115682.83
2919,230851.69
